>> Main
******** Base Ecoli **********
0..10..20..30..40..50..60..70..80..90..100

ans =

    0.8485    0.7576    0.8788    0.8182    0.8485    0.7879    0.8485    0.8182    0.7576    0.6667
         0         0         0         0         0         0         0         0         0         0
    0.8485    0.7576    0.8788    0.8182    0.8485    0.7576    0.7879    0.7879    0.7576    0.6667
    0.1947    0.1848    0.1947    0.2046    0.2112    0.1914    0.2178    0.2178    0.2079    0.2079
    0.8788    0.8182    0.8182    0.8485    0.8485    0.8182    0.7576    0.8182    0.8485    0.7273
    0.3267    0.3168    0.3201    0.3234    0.3399    0.3234    0.3366    0.3432    0.3333    0.3399
    0.8788    0.7879    0.8485    0.9394    0.8485    0.8788    0.7879    0.7576    0.8182    0.6970
    0.5083    0.4983    0.4917    0.5908    0.5149    0.5083    0.4818    0.5116    0.5215    0.5281
    0.8788    0.8485    0.8182    0.7879    0.8485    0.8788    0.8485    0.7576    0.7879    0.6970
    0.8548    0.8581    0.8482    0.8482    0.8416    0.8350    0.8218    0.8614    0.8284    0.8515
    0.8788    0.8788    0.8485    0.8485    0.8788    0.9091    0.8788    0.8182    0.8485    0.7273
    0.1914    0.1815    0.1914    0.1947    0.1914    0.1914    0.1980    0.2046    0.1749    0.1617
    0.8788    0.9394    0.8182    0.8788    0.9091    0.8485    0.8485    0.7879    0.8485    0.7879
    0.7096    0.6931    0.7063    0.7261    0.7096    0.7228    0.7129    0.7096    0.7030    0.7063

HMN-C,E,EI: 0.80303	0	0.79091	0.2033	0.81818	0.33036	0.82424	0.51551	0.81515	0.84488	0.85152	0.18812	0.85455	0.7099
Elapsed time is 6.901240 seconds.
******** Base Breastc **********
0..10..20..30..40..50..60..70..80..90..100

ans =

    0.9107    0.8750    0.9464    0.9464    0.9643    0.9286    0.8036    0.9286    0.8571    0.9286
         0         0         0         0         0         0         0         0         0         0
    0.9107    0.8571    0.9464    0.9286    0.9464    0.9286    0.8036    0.9464    0.8571    0.9107
    0.2846    0.2788    0.2827    0.2788    0.2729    0.2788    0.2690    0.2827    0.2729    0.2904
    0.9107    0.8571    0.9821    0.9821    0.9821    0.9286    0.7679    0.9464    0.8929    0.9464
    0.3665    0.3606    0.3821    0.3723    0.3704    0.3684    0.3528    0.3704    0.3665    0.3762
    0.9286    0.8750    0.9821    0.9643    1.0000    0.9286    0.7679    0.9464    0.9107    0.9643
    0.4776    0.4795    0.4990    0.4893    0.4834    0.4990    0.4834    0.4990    0.4854    0.4834
    0.9286    0.8750    0.9643    0.7500    0.9821    0.9286    0.7143    0.9464    0.7857    0.9464
    0.9376    0.9181    0.9162    0.9259    0.9181    0.9259    0.9532    0.9493    0.9337    0.9201
    0.9286    0.8929    0.9821    0.9464    0.9821    0.9286    0.7857    0.9464    0.8571    0.9286
    0.0838    0.0702    0.0858    0.0955    0.0897    0.0760    0.0799    0.0858    0.0799    0.0877
    0.9286    0.8393    0.9821    0.9464    0.9643    0.9107    0.7857    0.9464    0.9107    0.9464
    0.6745    0.6686    0.6725    0.6686    0.6764    0.6784    0.6901    0.6764    0.6842    0.6745

HMN-C,E,EI: 0.90893	0	0.90357	0.27914	0.91964	0.36862	0.92679	0.48791	0.88214	0.92982	0.91786	0.083431	0.91607	0.67641
Elapsed time is 15.371964 seconds.
******** Base Iris **********
0..10..20..30..40..50..60..70..80..90..100

ans =

    0.9667    0.9667    0.9000    0.9333    1.0000    0.9333    0.9333    0.9333    0.9333    0.9333
         0         0         0         0         0         0         0         0         0         0
    0.9667    1.0000    0.8667    0.9333    1.0000    0.9333    0.9333    0.9333    0.9333    0.9333
    0.2500    0.2750    0.2417    0.2167    0.2333    0.2250    0.2333    0.2583    0.2333    0.2667
    0.9333    1.0000    0.9000    0.9333    1.0000    0.9333    0.9333    0.9333    0.9000    0.8667
    0.3917    0.4083    0.3583    0.3750    0.3667    0.3583    0.4167    0.4000    0.3833    0.4333
    0.9333    0.9667    0.9333    0.9333    1.0000    0.9333    0.9333    1.0000    0.8667    0.9000
    0.5750    0.6583    0.6417    0.7667    0.5500    0.7083    0.6000    0.6000    0.7083    0.5667
    0.9333    0.8333    0.8667    0.9333    1.0000    0.9000    0.9667    0.9333    0.9000    0.8333
    0.7667    0.7417    0.7000    0.5667    0.5750    0.5750    0.7667    0.7250    0.6917    0.5833
    0.9667    0.9667    0.9000    0.9333    1.0000    0.9333    0.9333    0.9333    0.9000    0.9000
    0.0333    0.0417    0.0250    0.0250    0.0500    0.0333    0.0500    0.0417    0.0333    0.0333
    0.9667    0.9667    0.9333    0.9333    1.0000    0.9667    0.9333    0.9333    0.9000    0.8667
    0.6583    0.6667    0.6500    0.6583    0.6667    0.7000    0.6500    0.6667    0.6500    0.6833

HMN-C,E,EI: 0.94333	0	0.94333	0.24333	0.93333	0.38917	0.94	0.6375	0.91	0.66917	0.93667	0.036667	0.94	0.665
Elapsed time is 2.256407 seconds.
******** Base Wbreast **********
0..10..20..30..40..50..60..70..80..90..100

ans =

    0.9343    0.9416    0.9635    0.9635    0.9489    0.9562    0.9708    0.9489    0.9781    0.9562
         0         0         0         0         0         0         0         0         0         0
    0.9343    0.9416    0.9416    0.9635    0.9489    0.9562    0.9708    0.9489    0.9635    0.9343
    0.5165    0.5147    0.5165    0.5037    0.5018    0.4945    0.5037    0.5183    0.5128    0.5128
    0.9416    0.9635    0.9708    0.9708    0.9708    0.9781    0.9927    0.9416    0.9927    0.9562
    0.5568    0.5513    0.5568    0.5458    0.5476    0.5403    0.5513    0.5513    0.5586    0.5513
    0.9416    0.9635    0.9635    0.9708    0.9562    0.9635    0.9927    0.9416    1.0000    0.9781
    0.6484    0.6886    0.6520    0.7326    0.6484    0.7161    0.6484    0.6447    0.6593    0.6777
    0.9489    0.9489    0.9708    0.9562    0.9197    0.9489    0.9562    0.9343    0.9854    0.9270
    0.9377    0.9579    0.9158    0.8956    0.9176    0.9744    0.9542    0.9304    0.9377    0.9231
    0.9489    0.9489    0.9635    0.9635    0.9635    0.9562    0.9781    0.9343    0.9781    0.9489
    0.0311    0.0403    0.0476    0.0385    0.0311    0.0403    0.0476    0.0348    0.0513    0.0458
    0.9489    0.9635    0.9781    0.9635    0.9781    0.9781    0.9854    0.9489    0.9781    0.9635
    0.7436    0.7381    0.7491    0.7399    0.7399    0.7381    0.7454    0.7509    0.7582    0.7564

HMN-C,E,EI: 0.9562	0	0.95036	0.50952	0.96788	0.5511	0.96715	0.67161	0.94964	0.93443	0.95839	0.040842	0.96861	0.74597
Elapsed time is 15.668257 seconds.
******** Base Bupa **********
0..10..20..30..40..50..60..70..80..90..100

ans =

    0.6812    0.6957    0.6087    0.7391    0.6522    0.5797    0.5362    0.6812    0.6232    0.7246
         0         0         0         0         0         0         0         0         0         0
    0.6522    0.6667    0.5797    0.6957    0.6522    0.5652    0.5217    0.6667    0.5652    0.7246
    0.1848    0.1739    0.1703    0.1775    0.1812    0.1812    0.1920    0.1739    0.1920    0.1630
    0.6957    0.6522    0.6522    0.6957    0.6667    0.6522    0.7101    0.6667    0.6667    0.7681
    0.5507    0.5688    0.5362    0.5471    0.5688    0.5652    0.5688    0.5471    0.5471    0.5507
    0.6377    0.7826    0.6377    0.7101    0.6812    0.6377    0.6812    0.6957    0.6522    0.7246
    0.7681    0.7899    0.7717    0.7464    0.7681    0.7826    0.7645    0.7500    0.7790    0.7754
    0.6087    0.6377    0.6232    0.6667    0.7246    0.5942    0.5652    0.6232    0.6087    0.6812
    0.7609    0.7464    0.7609    0.7681    0.7500    0.7464    0.7464    0.7754    0.7681    0.7319
    0.5942    0.6232    0.6377    0.7536    0.7101    0.5797    0.6087    0.6667    0.6522    0.7391
    0.3696    0.3877    0.3913    0.4239    0.4167    0.3659    0.3732    0.4457    0.3696    0.4203
    0.5942    0.6812    0.6087    0.7101    0.6812    0.5797    0.5942    0.6522    0.6522    0.7391
    0.7355    0.7536    0.7609    0.7681    0.7609    0.7138    0.7355    0.7717    0.7283    0.7609

HMN-C,E,EI: 0.65217	0	0.62899	0.17899	0.68261	0.55507	0.68406	0.76957	0.63333	0.75543	0.65652	0.39638	0.64928	0.74891
Elapsed time is 4.355357 seconds.
******** Base Pima/Diabete **********
0..10..20..30..40..50..60..70..80..90..100

ans =

    0.6601    0.6275    0.6536    0.6667    0.6863    0.7124    0.6797    0.6732    0.6536    0.6601
         0         0         0         0         0         0         0         0         0         0
    0.6667    0.6144    0.6601    0.6405    0.6732    0.6993    0.6601    0.6471    0.6340    0.6471
    0.2211    0.2000    0.2033    0.2114    0.2195    0.2211    0.2358    0.2195    0.1984    0.2195
    0.7059    0.7516    0.7124    0.7190    0.7712    0.7320    0.7582    0.7059    0.6863    0.6340
    0.5106    0.4894    0.5008    0.4976    0.5317    0.5220    0.5350    0.5024    0.5008    0.5089
    0.6863    0.6863    0.7582    0.7320    0.7582    0.6993    0.7451    0.7059    0.7255    0.6340
    0.6683    0.6699    0.6683    0.6797    0.7073    0.6992    0.6894    0.6764    0.6862    0.6878
    0.6601    0.7059    0.6928    0.7124    0.6928    0.6797    0.6667    0.6993    0.6797    0.6667
    0.7935    0.7610    0.7886    0.8130    0.7951    0.8016    0.8049    0.8049    0.7854    0.8114
    0.6863    0.6993    0.7059    0.7451    0.7190    0.7190    0.6797    0.6928    0.6732    0.6536
    0.3106    0.3138    0.3073    0.3415    0.3333    0.3333    0.3024    0.3106    0.3301    0.3171
    0.7190    0.7124    0.7255    0.7451    0.7516    0.7320    0.7451    0.7190    0.6732    0.6667
    0.7480    0.7154    0.7171    0.7593    0.7512    0.7398    0.7171    0.7398    0.7350    0.7366

HMN-C,E,EI: 0.66732	0	0.65425	0.21496	0.71765	0.50992	0.71307	0.68325	0.68562	0.79593	0.69739	0.32	0.71895	0.73593
Elapsed time is 16.373294 seconds.
>> Main
******** Base Segmentation **********
0..10..20..30..40..50..60..70..80..90..100

ans =

    0.9264    0.9913    0.9784    0.9524    0.9004    0.9481    0.9351    0.9784    0.9870    0.8961
         0         0         0         0         0         0         0         0         0         0
    0.9264    0.9913    0.9784    0.9437    0.9048    0.9437    0.9351    0.9784    0.9870    0.9004
    0.1780    0.1698    0.1741    0.1717    0.1794    0.1765    0.1780    0.1828    0.1770    0.1823
    0.9004    0.9784    0.9221    0.9307    0.9091    0.9004    0.9004    0.9524    0.9870    0.8442
    0.3285    0.3208    0.3252    0.3213    0.3256    0.3256    0.3208    0.3309    0.3242    0.3252
    0.8485    0.9740    0.9134    0.9134    0.8658    0.8485    0.8442    0.9221    0.9784    0.7792
    0.4863    0.4791    0.4738    0.4786    0.4844    0.4887    0.4728    0.4983    0.4848    0.4786
    0.8528    0.9524    0.9394    0.9048    0.8961    0.8658    0.9048    0.9221    0.9697    0.8615
    0.8009    0.7696    0.7826    0.7749    0.7855    0.7937    0.7869    0.7980    0.7749    0.7975
    0.8918    0.9784    0.9481    0.9307    0.9048    0.9221    0.9221    0.9481    0.9784    0.8874
    0.0322    0.0375    0.0356    0.0366    0.0308    0.0327    0.0327    0.0399    0.0385    0.0337
    0.8701    0.9654    0.9307    0.9264    0.8961    0.8961    0.9091    0.9524    0.9784    0.8701
    0.6474    0.6344    0.6412    0.6441    0.6426    0.6484    0.6368    0.6561    0.6402    0.6417

HMN-C,E,EI: 0.94935	0	0.94892	0.17696	0.92251	0.32482	0.88874	0.48254	0.90693	0.78644	0.93117	0.035017	0.91948	0.64329
Elapsed time is 422.621074 seconds.
******** Base Banana **********
0..10..20..30..40..50..60..70..80..90..100

ans =

    0.8510    0.8563    0.8680    0.8649    0.8669    0.8551    0.8694    0.8604    0.8682    0.8667
         0         0         0         0         0         0         0         0         0         0
    0.8473    0.8529    0.8663    0.8606    0.8631    0.8473    0.8627    0.8545    0.8665    0.8559
    0.2000    0.1825    0.1650    0.2250    0.1925    0.1875    0.1775    0.1725    0.1875    0.2000
    0.8735    0.8714    0.8849    0.8731    0.8878    0.8773    0.8753    0.8814    0.8947    0.8841
    0.3725    0.3825    0.3675    0.4225    0.3875    0.3900    0.3400    0.3500    0.3500    0.4200
    0.8837    0.8692    0.8880    0.8688    0.8906    0.8927    0.8839    0.8920    0.8906    0.8886
    0.5325    0.5600    0.5225    0.5775    0.5550    0.6675    0.5275    0.6150    0.5175    0.5925
    0.8367    0.8488    0.8871    0.8547    0.8706    0.8602    0.8643    0.8729    0.8614    0.8724
    0.7875    0.7725    0.7775    0.7975    0.7775    0.8300    0.8125    0.8400    0.7675    0.8150
    0.8657    0.8688    0.8818    0.8696    0.8843    0.8735    0.8794    0.8829    0.8831    0.8778
    0.1400    0.1550    0.1150    0.1325    0.1150    0.1400    0.1225    0.1125    0.1050    0.1825
    0.8739    0.8867    0.8798    0.8622    0.8918    0.8696    0.8794    0.8806    0.8833    0.8761
    0.7000    0.6900    0.6825    0.6900    0.6825    0.6750    0.6900    0.6800    0.6825    0.6950

HMN-C,E,EI: 0.86269	0	0.85771	0.189	0.88035	0.37825	0.8848	0.56675	0.86292	0.79775	0.87667	0.132	0.87835	0.68675
Elapsed time is 23.117980 seconds.
******** Base Breast Cancer **********
0..10..20..30..40..50..60..70..80..90..100

ans =

    0.7403    0.6364    0.7143    0.7403    0.6494    0.6104    0.6623    0.6364    0.7143    0.6623
         0         0         0         0         0         0         0         0         0         0
    0.7273    0.6494    0.6753    0.7662    0.6234    0.5844    0.6494    0.6234    0.7143    0.6364
    0.2000    0.1950    0.2050    0.2100    0.1950    0.1850    0.2000    0.1900    0.2100    0.2050
    0.6234    0.5974    0.6494    0.8052    0.6104    0.7143    0.6623    0.6104    0.6623    0.6104
    0.4850    0.4500    0.4750    0.5200    0.4850    0.4900    0.4700    0.4750    0.5200    0.4950
    0.6883    0.6364    0.7273    0.7792    0.6234    0.6494    0.7403    0.6753    0.7273    0.6753
    0.6900    0.6350    0.6550    0.7050    0.6400    0.7000    0.6450    0.6450    0.6600    0.8700
    0.6753    0.5325    0.6753    0.7792    0.6494    0.6753    0.6753    0.6364    0.6753    0.6104
    0.8050    0.7950    0.7900    0.8200    0.8600    0.7650    0.8150    0.6850    0.7900    0.7500
    0.6883    0.5714    0.6883    0.7792    0.6883    0.6883    0.7013    0.6364    0.6753    0.6104
    0.3400    0.3200    0.3150    0.3550    0.3050    0.3250    0.3050    0.3050    0.3250    0.3300
    0.6883    0.5714    0.7013    0.7792    0.6494    0.7143    0.7013    0.5455    0.7403    0.6234
    0.7150    0.7550    0.7300    0.7500    0.7600    0.7500    0.7050    0.7200    0.7250    0.7450

HMN-C,E,EI: 0.67662	0	0.66494	0.1995	0.65455	0.4865	0.69221	0.6845	0.65844	0.7875	0.67273	0.3225	0.67143	0.7355
Elapsed time is 3.062290 seconds.
******** Base Diabetis **********
0..10..20..30..40..50..60..70..80..90..100

ans =

    0.7233    0.6933    0.6767    0.7033    0.6800    0.7133    0.6967    0.7133    0.6967    0.7200
         0         0         0         0         0         0         0         0         0         0
    0.7133    0.6667    0.6633    0.6967    0.6667    0.6900    0.6767    0.7000    0.6900    0.7000
    0.2137    0.2051    0.1987    0.2222    0.2030    0.2030    0.2158    0.2393    0.2329    0.2329
    0.7367    0.7400    0.7167    0.7533    0.7233    0.7067    0.7067    0.7400    0.7500    0.6933
    0.5385    0.5214    0.5214    0.5406    0.5043    0.5214    0.5107    0.5342    0.5406    0.5449
    0.7467    0.7800    0.7400    0.7367    0.7467    0.7400    0.7533    0.7267    0.7333    0.7200
    0.7244    0.7970    0.7009    0.7222    0.6902    0.6923    0.6902    0.7244    0.7073    0.7329
    0.7000    0.7200    0.6767    0.7400    0.6900    0.6867    0.7033    0.6833    0.7167    0.6733
    0.8291    0.8632    0.8312    0.8761    0.8141    0.8333    0.8248    0.8141    0.8462    0.8397
    0.7333    0.7500    0.7033    0.7200    0.7200    0.7400    0.7267    0.7167    0.7467    0.7167
    0.3034    0.3141    0.2970    0.3226    0.2991    0.3034    0.3291    0.3269    0.3013    0.3291
    0.7367    0.7633    0.7433    0.7533    0.7267    0.7200    0.7267    0.7167    0.7467    0.7167
    0.7350    0.7393    0.7308    0.7500    0.7329    0.7308    0.7479    0.7308    0.7521    0.7564

HMN-C,E,EI: 0.70167	0	0.68633	0.21667	0.72667	0.52778	0.74233	0.71816	0.699	0.83718	0.72733	0.31261	0.735	0.7406
Elapsed time is 10.520978 seconds.
******** Base Heart **********
0..10..20..30..40..50..60..70..80..90..100

ans =

    0.7900    0.7400    0.6800    0.8700    0.7400    0.7700    0.8300    0.7500    0.7400    0.8200
         0         0         0         0         0         0         0         0         0         0
    0.7800    0.7300    0.6700    0.8500    0.7400    0.7700    0.8400    0.7300    0.7400    0.8200
    0.2588    0.2529    0.2706    0.2235    0.2588    0.1882    0.2529    0.2294    0.2235    0.2059
    0.8100    0.7800    0.7300    0.8700    0.8500    0.8500    0.8200    0.7700    0.8000    0.8400
    0.5353    0.5000    0.5176    0.5647    0.5235    0.5118    0.5412    0.5118    0.5235    0.5000
    0.7800    0.7500    0.7500    0.8500    0.8600    0.8200    0.7900    0.8200    0.8200    0.8200
    0.7235    0.6941    0.8176    0.9235    0.7118    0.8235    0.7118    0.6882    0.8118    0.8235
    0.7300    0.7400    0.6500    0.8400    0.7600    0.7700    0.7800    0.7300    0.7600    0.8200
    0.7941    0.8294    0.8059    0.7824    0.8118    0.8647    0.8353    0.7529    0.7765    0.8000
    0.7700    0.7700    0.7100    0.8400    0.8000    0.8200    0.7900    0.7700    0.7300    0.8400
    0.1941    0.2118    0.1882    0.3000    0.2353    0.2882    0.2471    0.2059    0.2235    0.2059
    0.7900    0.7600    0.7500    0.8400    0.8300    0.8300    0.8000    0.7800    0.7600    0.8200
    0.7176    0.6941    0.7235    0.7588    0.6824    0.7529    0.7235    0.7000    0.7235    0.7294

HMN-C,E,EI: 0.773	0	0.767	0.23647	0.812	0.52294	0.806	0.77294	0.758	0.80529	0.784	0.23	0.796	0.72059
Elapsed time is 2.899564 seconds.
******** Base Flare Solar **********
0..10..20..30..40..50..60..70..80..90..100

ans =

    0.5450    0.6425    0.4925    0.5100    0.6625    0.6075    0.6175    0.6475    0.5475    0.6275
         0         0         0         0         0         0         0         0         0         0
    0.5925    0.5600    0.5925    0.5975    0.5875    0.5600    0.6000    0.6150    0.5850    0.6025
    0.8063    0.8138    0.8138    0.8033    0.8093    0.8123    0.7973    0.8018    0.7943    0.7898
    0.6000    0.5950    0.5850    0.6250    0.6350    0.5750    0.6225    0.6300    0.5975    0.6150
    0.8724    0.8829    0.8724    0.8649    0.8769    0.8709    0.8634    0.8754    0.8574    0.8604
    0.6250    0.6225    0.6000    0.6750    0.6650    0.6400    0.6525    0.6450    0.6450    0.6500
    0.9429    0.9234    0.9279    0.9414    0.9234    0.9459    0.9174    0.9279    0.9144    0.9444
    0.5500    0.6375    0.5025    0.5200    0.6700    0.6025    0.6150    0.6500    0.5550    0.6200
    0.5901    0.5075    0.5871    0.5991    0.4399    0.4910    0.5030    0.4324    0.5781    0.4550
    0.5650    0.6475    0.5075    0.5275    0.6675    0.6100    0.6175    0.6500    0.5600    0.6275
    0.4655    0.3498    0.4535    0.4790    0.3739    0.3679    0.3919    0.3604    0.4505    0.3483
    0.5600    0.6450    0.4950    0.5250    0.6600    0.6100    0.6300    0.6450    0.5525    0.6250
    0.9459    0.9354    0.9354    0.9444    0.9429    0.9414    0.9354    0.9339    0.9354    0.9264

HMN-C,E,EI: 0.59	0	0.58925	0.8042	0.608	0.86967	0.642	0.93093	0.59225	0.51832	0.598	0.40405	0.59475	0.93769
Elapsed time is 18.030225 seconds.
******** Base German **********
0..10..20..30..40..50..60..70..80..90..100

ans =

    0.7367    0.7300    0.7100    0.7300    0.6733    0.6900    0.7200    0.7333    0.7067    0.7633
         0         0         0         0         0         0         0         0         0         0
    0.7167    0.7133    0.6900    0.7100    0.6667    0.6633    0.7233    0.7333    0.6900    0.7400
    0.2643    0.2543    0.2514    0.2686    0.2771    0.2529    0.2500    0.2414    0.2571    0.2686
    0.7300    0.7367    0.7333    0.7433    0.7067    0.6900    0.7533    0.7433    0.7100    0.7833
    0.5829    0.5443    0.5586    0.5700    0.5700    0.5486    0.5486    0.5743    0.5629    0.5743
    0.7533    0.7600    0.7533    0.7233    0.7033    0.6800    0.7533    0.7267    0.7200    0.7567
    0.7600    0.7700    0.7457    0.7600    0.7543    0.7471    0.7514    0.7671    0.7400    0.7557
    0.6900    0.6200    0.6900    0.7300    0.6933    0.6733    0.6600    0.7600    0.6933    0.7233
    0.8171    0.8386    0.8371    0.8200    0.8057    0.8200    0.8329    0.8357    0.8314    0.8157
    0.7467    0.7400    0.7100    0.7433    0.7067    0.6967    0.7333    0.7300    0.7133    0.7667
    0.3143    0.2929    0.3129    0.3143    0.2743    0.2914    0.3086    0.3071    0.2871    0.3200
    0.7367    0.6967    0.7100    0.7100    0.7067    0.6800    0.7067    0.7467    0.7167    0.7667
    0.7386    0.7257    0.7529    0.7529    0.7300    0.7357    0.7457    0.7571    0.7457    0.7514

HMN-C,E,EI: 0.71933	0	0.70467	0.25857	0.733	0.56343	0.733	0.75514	0.69333	0.82543	0.72867	0.30229	0.71767	0.74357
Elapsed time is 23.107840 seconds.
******** Base Splice **********
0..10..20..30..40..50..60..70..80..90..100

ans =

    0.7085    0.6975    0.7113    0.7039    0.7320    0.7209    0.6841    0.6975    0.7301    0.6828
         0         0         0         0         0         0         0         0         0         0
    0.7011    0.6998    0.7039    0.6993    0.7237    0.7122    0.6749    0.6938    0.7246    0.6846
    0.4270    0.4510    0.4600    0.4800    0.4450    0.4580    0.4650    0.4580    0.4690    0.4300
    0.7103    0.7177    0.7375    0.7287    0.7232    0.7205    0.6832    0.7338    0.7439    0.7113
    0.7120    0.7010    0.7050    0.7250    0.7250    0.7300    0.7040    0.7170    0.7360    0.7100
    0.7094    0.6841    0.7310    0.7025    0.6975    0.7200    0.6887    0.7177    0.7402    0.7159
    0.8640    0.8610    0.8670    0.8530    0.8750    0.8640    0.8660    0.8740    0.8630    0.8700
    0.6483    0.6418    0.6487    0.6276    0.6800    0.6860    0.6501    0.6703    0.6708    0.6694
    0.8430    0.8790    0.8480    0.8780    0.8390    0.8360    0.8400    0.8580    0.8580    0.8550
    0.6510    0.6740    0.6814    0.6685    0.7039    0.6860    0.6749    0.6901    0.6938    0.6653
    0.3040    0.2670    0.2790    0.2770    0.2710    0.2790    0.2810    0.2680    0.2570    0.3140
    0.6349    0.6713    0.6731    0.6579    0.7108    0.6768    0.6644    0.6708    0.6910    0.6492
    0.7750    0.7890    0.7800    0.7960    0.7850    0.7870    0.7830    0.7830    0.7980    0.7900

HMN-C,E,EI: 0.70685	0	0.70179	0.4543	0.72101	0.7165	0.71071	0.8657	0.65931	0.8534	0.6789	0.2797	0.67002	0.7866
Elapsed time is 77.996581 seconds.
>> Main
******** Base Image **********
0..10..20..30..40..50..60..70..80..90..100

ans =

    0.9713    0.9614    0.9634    0.9693    0.9713    0.9614    0.9663    0.9644    0.9624    0.9713
         0         0         0         0         0         0         0         0         0         0
    0.9624    0.9554    0.9614    0.9673    0.9673    0.9574    0.9663    0.9604    0.9594    0.9624
    0.2338    0.2323    0.2315    0.2377    0.2331    0.2423    0.2323    0.2454    0.2415    0.2338
    0.9416    0.9475    0.9554    0.9515    0.9584    0.9495    0.9475    0.9426    0.9465    0.9416
    0.4000    0.4062    0.4108    0.4108    0.4131    0.4185    0.4038    0.4200    0.4146    0.4000
    0.9366    0.9238    0.9317    0.9238    0.9307    0.9406    0.9426    0.9307    0.9099    0.9366
    0.5654    0.5600    0.5862    0.5677    0.5808    0.5869    0.5738    0.5846    0.5754    0.5654
    0.9376    0.9376    0.9436    0.9525    0.9584    0.9109    0.9386    0.9416    0.9297    0.9376
    0.7923    0.7992    0.8146    0.8062    0.8008    0.7862    0.8108    0.7885    0.8131    0.7923
    0.9634    0.9574    0.9604    0.9525    0.9693    0.9505    0.9535    0.9525    0.9604    0.9634
    0.0331    0.0254    0.0362    0.0362    0.0377    0.0354    0.0300    0.0331    0.0323    0.0331
    0.9495    0.9505    0.9515    0.9564    0.9663    0.9545    0.9485    0.9455    0.9495    0.9495
    0.6515    0.6400    0.6462    0.6554    0.6546    0.6531    0.6408    0.6546    0.6508    0.6515

HMN-C,E,EI: 0.96624	0	0.96198	0.23638	0.94822	0.40977	0.93069	0.57462	0.93881	0.80038	0.95832	0.033231	0.95218	0.64985
Elapsed time is 132.870033 seconds.
******** Base Ringnorm **********
0..10..20..30..40..50..60..70..80..90..100

ans =

    0.6643    0.6771    0.6507    0.6553    0.6396    0.6411    0.6283    0.6459    0.6539    0.6623
         0         0         0         0         0         0         0         0         0         0
    0.6487    0.6637    0.6304    0.6440    0.6230    0.6259    0.6136    0.6403    0.6380    0.6434
    0.3250    0.3350    0.3200    0.3425    0.3300    0.3800    0.3025    0.3050    0.3600    0.3325
    0.6884    0.7089    0.6627    0.6757    0.6537    0.6624    0.6379    0.6657    0.6553    0.6860
    0.6325    0.6275    0.6425    0.6325    0.6425    0.6350    0.6475    0.6275    0.6575    0.6425
    0.6794    0.6913    0.6509    0.6644    0.6471    0.6426    0.6126    0.6644    0.6450    0.6824
    0.8175    0.8275    0.8125    0.8125    0.8250    0.8375    0.8525    0.8225    0.8400    0.8350
    0.6259    0.6889    0.6666    0.6221    0.6444    0.5354    0.6231    0.6024    0.6537    0.7171
    0.8500    0.9250    0.8850    0.8675    0.8875    0.6325    0.8950    0.8700    0.8775    0.9325
    0.5579    0.5686    0.5511    0.5507    0.5467    0.5284    0.5421    0.5424    0.5511    0.5566
    0.3725    0.3875    0.3425    0.3500    0.3500    0.3325    0.3650    0.3775    0.3425    0.3575
    0.5620    0.5677    0.5433    0.5561    0.5323    0.5263    0.5419    0.5403    0.5497    0.5624
    0.8050    0.8175    0.8025    0.7875    0.8050    0.8025    0.8125    0.8350    0.7925    0.8075

HMN-C,E,EI: 0.65184	0	0.6371	0.33325	0.66967	0.63875	0.65801	0.82825	0.63797	0.86225	0.54957	0.35775	0.5482	0.80675
Elapsed time is 40.076279 seconds.
******** Base Twonorm **********
0..10..20..30..40..50..60..70..80..90..100

ans =

    0.9259    0.9337    0.9400    0.9420    0.9300    0.9347    0.9353    0.9367    0.9323    0.9244
         0         0         0         0         0         0         0         0         0         0
    0.9206    0.9270    0.9334    0.9384    0.9246    0.9279    0.9306    0.9316    0.9274    0.9161
    0.4025    0.4225    0.3800    0.3800    0.4100    0.4100    0.4150    0.4275    0.3975    0.3850
    0.9537    0.9471    0.9507    0.9601    0.9569    0.9551    0.9579    0.9576    0.9607    0.9534
    0.5825    0.6350    0.6000    0.6250    0.6225    0.6075    0.6075    0.6100    0.6275    0.5650
    0.9581    0.9564    0.9623    0.9636    0.9590    0.9581    0.9516    0.9587    0.9616    0.9584
    0.7825    0.9500    0.9175    0.8150    0.8900    0.7925    0.9175    0.8700    0.8175    0.8525
    0.8699    0.8674    0.8850    0.8953    0.8827    0.8913    0.8879    0.8973    0.8959    0.8971
    0.9425    0.9275    0.9275    0.9325    0.9050    0.8700    0.8850    0.9200    0.8975    0.9350
    0.9414    0.9379    0.9417    0.9463    0.9301    0.9443    0.9423    0.9474    0.9386    0.9414
    0.0825    0.0775    0.0625    0.0475    0.0550    0.0450    0.0500    0.0725    0.0700    0.0650
    0.9453    0.9317    0.9349    0.9480    0.9209    0.9404    0.9449    0.9474    0.9490    0.9417
    0.7450    0.7300    0.7125    0.7375    0.7200    0.7325    0.7350    0.7500    0.7125    0.7325

HMN-C,E,EI: 0.9335	0	0.92776	0.403	0.95533	0.60825	0.95879	0.8605	0.88697	0.91425	0.94114	0.06275	0.94041	0.73075
Elapsed time is 42.466819 seconds.
******** Base Thyroid **********
0..10..20..30..40..50..60..70..80..90..100

ans =

    0.9733    0.9467    0.9733    0.9467    0.9333    0.9467    0.9867    0.9733    0.8933    0.9867
         0         0         0         0         0         0         0         0         0         0
    0.9467    0.9200    0.9733    0.9333    0.9067    0.9467    0.9867    0.9467    0.8933    0.9733
    0.2429    0.2929    0.2929    0.2429    0.2286    0.2429    0.2286    0.2000    0.2786    0.2929
    0.9467    0.8800    0.9467    0.9600    0.9333    0.8800    0.9867    0.9600    0.8800    0.9733
    0.3643    0.4071    0.4286    0.3714    0.3714    0.3857    0.3857    0.3429    0.4071    0.4571
    0.9067    0.8800    0.9200    0.9200    0.9467    0.9067    0.9867    0.9467    0.8800    0.9733
    0.5071    0.7786    0.6643    0.5000    0.8786    0.7857    0.5857    0.5071    0.5357    0.6000
    0.9467    0.9200    0.9333    0.8533    0.8933    0.9200    0.9467    0.8267    0.9200    0.8667
    0.8357    0.8071    0.8929    0.8929    0.8071    0.8214    0.8357    0.8786    0.8500    0.9000
    0.9333    0.9200    0.9467    0.9467    0.9067    0.9200    0.9867    0.9733    0.8800    0.9867
    0.0643    0.0357    0.0357    0.0214    0.0357    0.0357    0.0357    0.0357    0.0143    0.0500
    0.9600    0.9067    0.9333    0.9333    0.8933    0.8533    0.9733    0.9200    0.9067    0.9467
    0.6714    0.6857    0.6786    0.6357    0.6500    0.6500    0.6500    0.6571    0.6643    0.6714

HMN-C,E,EI: 0.956	0	0.94267	0.25429	0.93467	0.39214	0.92667	0.63429	0.90267	0.85214	0.94	0.036429	0.92267	0.66143
Elapsed time is 2.469110 seconds.
******** Base Titanic **********
0..10..20..30..40..50..60..70..80..90..100

ans =

    0.7533    0.4237    0.5646    0.5661    0.7869    0.7084    0.7806    0.7153    0.7572    0.7504
         0         0         0         0         0         0         0         0         0         0
    0.7825    0.7167    0.7830    0.6938    0.7494    0.7523    0.7835    0.7435    0.7235    0.6889
    0.8000    0.8133    0.8267    0.8000    0.7933    0.7600    0.8067    0.7867    0.7933    0.7733
    0.7704    0.7684    0.7830    0.7406    0.7796    0.7504    0.7728    0.7435    0.7762    0.7518
    0.8533    0.8533    0.8733    0.8600    0.8400    0.8267    0.8533    0.8467    0.8400    0.8467
    0.7411    0.7684    0.7757    0.7738    0.7796    0.7747    0.7728    0.7728    0.7392    0.7713
    0.8800    0.8800    0.9400    0.9267    0.9133    0.9000    0.8867    0.9200    0.8667    0.9200
    0.7470    0.4135    0.5563    0.5656    0.7796    0.7153    0.7728    0.7075    0.7392    0.7582
    0.8267    0.6333    0.5600    0.6667    0.3533    0.8000    0.7267    0.2467    0.7200    0.8467
    0.7411    0.4135    0.5495    0.5588    0.7796    0.7153    0.7728    0.7075    0.7392    0.7504
    0.2200    0.5933    0.4200    0.4600    0.1933    0.3200    0.2667    0.2467    0.2133    0.2933
    0.7411    0.4135    0.5563    0.5588    0.7796    0.7479    0.7728    0.7075    0.7392    0.7582
    0.9467    0.9533    0.9533    0.9400    0.9267    0.9467    0.9400    0.9400    0.9333    0.9400

HMN-C,E,EI: 0.68064	0	0.74174	0.79533	0.76368	0.84933	0.76694	0.90333	0.67548	0.638	0.67275	0.32267	0.67747	0.942
Elapsed time is 7.244971 seconds.
******** Base Waveform **********
0..10..20..30..40..50..60..70..80..90..100

ans =

    0.8465    0.8407    0.8441    0.8424    0.8396    0.8476    0.8435    0.8543    0.8341    0.8465
         0         0         0         0         0         0         0         0         0         0
    0.8400    0.8378    0.8374    0.8357    0.8346    0.8372    0.8335    0.8496    0.8298    0.8361
    0.3575    0.3750    0.3300    0.3725    0.3750    0.3675    0.3650    0.3550    0.3575    0.3800
    0.8537    0.8622    0.8520    0.8626    0.8583    0.8578    0.8667    0.8680    0.8533    0.8633
    0.5825    0.6025    0.5475    0.5900    0.5825    0.5775    0.5650    0.5775    0.5775    0.5675
    0.8454    0.8330    0.8515    0.8635    0.8485    0.8583    0.8409    0.8550    0.8472    0.8533
    0.7600    0.7975    0.7450    0.7475    0.7500    0.7275    0.7525    0.7325    0.8250    0.7125
    0.8257    0.8217    0.8202    0.8400    0.7911    0.8243    0.8293    0.8276    0.8007    0.8204
    0.8875    0.8900    0.8975    0.8475    0.8500    0.8675    0.8650    0.8575    0.8575    0.8875
    0.8502    0.8524    0.8578    0.8517    0.8604    0.8611    0.8574    0.8552    0.8422    0.8491
    0.1325    0.2000    0.1400    0.1525    0.1725    0.1475    0.1350    0.1250    0.1650    0.1450
    0.8533    0.8396    0.8563    0.8530    0.8502    0.8537    0.8541    0.8480    0.8387    0.8380
    0.7250    0.7650    0.7350    0.7325    0.7400    0.7300    0.7250    0.6975    0.7200    0.7425

HMN-C,E,EI: 0.84393	0	0.83715	0.3635	0.85978	0.577	0.84965	0.755	0.82011	0.87075	0.85376	0.1515	0.8485	0.73125
Elapsed time is 31.378372 seconds.
>> Main
******** Base Coil20 **********
0..10..20..30..40..50..60..70..80..90..100

ans =

    1.0000    1.0000    1.0000    1.0000    1.0000    1.0000    1.0000    1.0000    1.0000    1.0000
         0         0         0         0         0         0         0         0         0         0
    1.0000    1.0000    1.0000    1.0000    1.0000    1.0000    1.0000    1.0000    1.0000    1.0000
    0.0686    0.0686    0.0664    0.0664    0.0664    0.0679    0.0671    0.0686    0.0686    0.0671
    0.9500    0.9500    0.9750    1.0000    0.9500    0.9500    0.9750    1.0000    0.9250    0.9750
    0.3129    0.3071    0.3071    0.3036    0.3114    0.3143    0.3100    0.3143    0.3136    0.3021
    0.9250    0.9250    0.9750    1.0000    0.9250    0.9250    0.9500    1.0000    0.9250    0.9500
    0.4893    0.4907    0.4936    0.4800    0.4907    0.4957    0.4950    0.4971    0.4914    0.4821
    1.0000    0.9750    0.9250    1.0000    0.9750    0.9750    1.0000    1.0000    1.0000    1.0000
    0.4221    0.4279    0.4300    0.4264    0.4200    0.4293    0.4271    0.4243    0.4264    0.4300
    1.0000    1.0000    1.0000    1.0000    1.0000    1.0000    1.0000    1.0000    1.0000    1.0000
         0         0    0.0007         0         0         0         0         0         0         0
    0.9250    0.9250    0.9750    1.0000    0.9500    0.9750    0.9750    1.0000    0.8750    0.9500
    0.6386    0.6429    0.6464    0.6429    0.6450    0.6493    0.6471    0.6479    0.6400    0.6407

HMN-C,E,EI: 1	0	1	0.067571	0.965	0.30964	0.95	0.49057	0.985	0.42636	1	7.1429e-005	0.955	0.64407
Elapsed time is 1104.663906 seconds.
******** Base Textdata **********
0..10..20..30..40..50..60..70..80..90..100

ans =

    0.9000    0.9400    0.9400    0.9400    0.8800    0.9000    0.9000    0.9800    0.9600    0.9400
         0         0         0         0         0         0         0         0         0         0
    0.9200    0.9400    0.9200    0.9200    0.8400    0.8800    0.8200    0.9800    0.9400    0.9200
    0.1656    0.1682    0.1667    0.1640    0.1725    0.1693    0.1704    0.1693    0.1593    0.1656
    0.9600    0.8800    0.9200    0.9000    0.8600    0.8600    0.7800    0.9800    0.9000    0.9000
    0.5364    0.5417    0.5438    0.5411    0.5491    0.5406    0.5438    0.5359    0.5390    0.5427
    0.9200    0.8800    0.7800    0.9000    0.8200    0.8200    0.8200    0.9400    0.9400    0.9000
    0.7722    0.7806    0.7780    0.7843    0.7827    0.7827    0.7816    0.7753    0.7822    0.7780
    0.8800    0.9000    0.8200    0.9200    0.8600    0.8800    0.8000    0.9800    0.9000    0.8800
    0.6893    0.6904    0.6925    0.6756    0.6878    0.6793    0.6899    0.6915    0.6830    0.6983
    0.9000    0.9000    0.9400    0.9200    0.9000    0.8800    0.8600    0.9600    0.9600    0.9400
    0.0791    0.0786    0.0759    0.0791    0.0738    0.0786    0.0759    0.0781    0.0786    0.0781
    0.8800    0.8600    0.9000    0.9000    0.8800    0.8200    0.8400    0.9800    0.9000    0.8800
    0.6688    0.6709    0.6693    0.6688    0.6672    0.6688    0.6677    0.6640    0.6698    0.6725

HMN-C,E,EI: 0.928	0	0.908	0.16709	0.894	0.5414	0.872	0.77975	0.882	0.68776	0.916	0.077584	0.884	0.66878
Elapsed time is 2549.847021 seconds.
******** Base G50 **********
0..10..20..30..40..50..60..70..80..90..100

ans =

    0.7600    0.8200    0.6800    0.8200    0.8200    0.8000    0.8800    0.7600    0.7800    0.8400
         0         0         0         0         0         0         0         0         0         0
    0.7200    0.8000    0.7200    0.8400    0.8400    0.8200    0.8800    0.7800    0.8200    0.8000
    0.4360    0.4320    0.4240    0.4160    0.4240    0.4160    0.4220    0.4320    0.4420    0.4260
    0.8200    0.9600    0.7400    0.9000    0.8600    0.9000    0.9000    0.9000    0.8600    0.9000
    0.7340    0.7040    0.7080    0.6800    0.7140    0.7020    0.7080    0.7160    0.7200    0.7180
    0.8400    0.9000    0.7400    0.9400    0.9400    0.8600    0.9600    0.8400    0.8400    0.8600
    0.8880    0.8840    0.8840    0.8640    0.8860    0.8720    0.9480    0.9420    0.9020    0.8840
    0.7600    0.8600    0.7400    0.8400    0.8400    0.7400    0.8200    0.7200    0.8200    0.8000
    0.8640    0.8720    0.8660    0.8460    0.8780    0.8600    0.8500    0.8580    0.8580    0.8280
    0.7400    0.8800    0.7200    0.9000    0.9000    0.8000    0.9000    0.7600    0.8200    0.8000
    0.1960    0.2060    0.1820    0.2000    0.2040    0.1960    0.1980    0.1960    0.1880    0.2020
    0.7400    0.8800    0.7400    0.8800    0.8800    0.8600    0.9200    0.7800    0.8200    0.7800
    0.7800    0.7860    0.7760    0.7800    0.7840    0.7640    0.7640    0.7680    0.7900    0.7800

HMN-C,E,EI: 0.796	0	0.802	0.427	0.874	0.7104	0.872	0.8954	0.794	0.858	0.822	0.1968	0.828	0.7772
Elapsed time is 13.327412 seconds.
******** Base G10 **********
0..10..20..30..40..50..60..70..80..90..100

ans =

    0.7800    0.7200    0.7400    0.7400    0.7600    0.7800    0.7000    0.7800    0.8400    0.6800
         0         0         0         0         0         0         0         0         0         0
    0.8000    0.6800    0.7400    0.7600    0.7800    0.7800    0.7000    0.7200    0.8200    0.6800
    0.2700    0.2560    0.2600    0.2420    0.2720    0.2540    0.2600    0.2600    0.2620    0.2680
    0.7400    0.7200    0.8000    0.7800    0.7800    0.8400    0.7400    0.6800    0.7200    0.7800
    0.6380    0.6280    0.6440    0.6320    0.6380    0.6300    0.6200    0.6240    0.6500    0.6440
    0.7600    0.7600    0.9200    0.8400    0.7600    0.8200    0.8200    0.8000    0.7200    0.7000
    0.8280    0.8220    0.8280    0.8220    0.9040    0.8300    0.8120    0.8260    0.8420    0.8220
    0.7800    0.7600    0.7000    0.6800    0.6800    0.7200    0.7400    0.8000    0.6400    0.7600
    0.8140    0.8100    0.8300    0.8500    0.8240    0.8340    0.8140    0.8180    0.8280    0.7980
    0.7600    0.7400    0.7600    0.6800    0.7000    0.8000    0.7200    0.7600    0.7400    0.7400
    0.2320    0.2320    0.2400    0.2180    0.2260    0.2260    0.2120    0.2460    0.2360    0.2120
    0.7200    0.6800    0.7400    0.7400    0.7600    0.8200    0.8000    0.7200    0.7600    0.7600
    0.7160    0.7240    0.7220    0.7200    0.6980    0.7020    0.7060    0.7200    0.7200    0.7100

HMN-C,E,EI: 0.752	0	0.746	0.2604	0.758	0.6348	0.79	0.8336	0.726	0.822	0.74	0.228	0.75	0.7138
Elapsed time is 11.709056 seconds.
******** Base USPS **********
0..10..20..30..40..50..60..70..80..90..100

ans =

    0.9200    0.9600    0.9400    0.9400    0.9600    0.9200    0.9800    0.9400    0.9600    0.9400
         0         0         0         0         0         0         0         0         0         0
    0.9200    0.9600    0.9400    0.9400    0.9600    0.9200    0.9800    0.9400    0.9600    0.9400
    0.1211    0.1247    0.1242    0.1257    0.1303    0.1277    0.1211    0.1267    0.1226    0.1267
    0.9000    0.9000    0.8800    0.9600    0.9400    0.9800    0.9400    0.9600    0.9600    0.9200
    0.3551    0.3597    0.3633    0.3618    0.3664    0.3648    0.3556    0.3613    0.3556    0.3613
    0.8400    0.9200    0.9000    0.9400    0.9200    0.9200    0.9000    0.9000    0.9600    0.9000
    0.5606    0.5590    0.5718    0.5692    0.5672    0.5646    0.5570    0.5631    0.5590    0.5672
    0.8600    0.8000    0.8200    0.8600    0.9400    0.8400    0.8400    0.9200    0.9000    0.8400
    0.8743    0.8815    0.8784    0.8789    0.8784    0.8855    0.8774    0.8825    0.8763    0.8738
    0.9000    0.9400    0.9200    0.9400    0.9600    0.9400    0.9600    0.9400    0.9600    0.9400
    0.0465    0.0475    0.0470    0.0455    0.0480    0.0470    0.0480    0.0470    0.0480    0.0475
    0.8800    0.9000    0.8800    0.9800    0.9200    0.9200    0.9200    0.9200    0.9400    0.8800
    0.6776    0.6735    0.6714    0.6689    0.6765    0.6704    0.6714    0.6709    0.6750    0.6704

HMN-C,E,EI: 0.946	0	0.946	0.12509	0.934	0.3605	0.91	0.56387	0.862	0.87869	0.94	0.047215	0.914	0.67261
Elapsed time is 645.107122 seconds.
>> 