    0.8510    0.8563    0.8680    0.8649    0.8669    0.8551    0.8694    0.8604    0.8682    0.8667
         0         0         0         0         0         0         0         0         0         0
    0.8473    0.8529    0.8663    0.8606    0.8631    0.8473    0.8627    0.8545    0.8665    0.8559
    0.2000    0.1825    0.1650    0.2250    0.1925    0.1875    0.1775    0.1725    0.1875    0.2000
    0.8735    0.8714    0.8849    0.8731    0.8878    0.8773    0.8753    0.8814    0.8947    0.8841
    0.3725    0.3825    0.3675    0.4225    0.3875    0.3900    0.3400    0.3500    0.3500    0.4200
    0.8837    0.8692    0.8880    0.8688    0.8906    0.8927    0.8839    0.8920    0.8906    0.8886
    0.5325    0.5600    0.5225    0.5775    0.5550    0.6675    0.5275    0.6150    0.5175    0.5925
    0.8367    0.8488    0.8871    0.8547    0.8706    0.8602    0.8643    0.8729    0.8614    0.8724
    0.7875    0.7725    0.7775    0.7975    0.7775    0.8300    0.8125    0.8400    0.7675    0.8150
    0.8657    0.8688    0.8818    0.8696    0.8843    0.8735    0.8794    0.8829    0.8831    0.8778
    0.1400    0.1550    0.1150    0.1325    0.1150    0.1400    0.1225    0.1125    0.1050    0.1825
    0.8739    0.8867    0.8798    0.8622    0.8918    0.8696    0.8794    0.8806    0.8833    0.8761
    0.7000    0.6900    0.6825    0.6900    0.6825    0.6750    0.6900    0.6800    0.6825    0.6950