    1.0000    1.0000    1.0000    1.0000    1.0000    1.0000    1.0000    1.0000    1.0000    1.0000
         0         0         0         0         0         0         0         0         0         0
    1.0000    1.0000    1.0000    1.0000    1.0000    1.0000    1.0000    1.0000    1.0000    1.0000
    0.0686    0.0686    0.0664    0.0664    0.0664    0.0679    0.0671    0.0686    0.0686    0.0671
    0.9500    0.9500    0.9750    1.0000    0.9500    0.9500    0.9750    1.0000    0.9250    0.9750
    0.3129    0.3071    0.3071    0.3036    0.3114    0.3143    0.3100    0.3143    0.3136    0.3021
    0.9250    0.9250    0.9750    1.0000    0.9250    0.9250    0.9500    1.0000    0.9250    0.9500
    0.4893    0.4907    0.4936    0.4800    0.4907    0.4957    0.4950    0.4971    0.4914    0.4821
    1.0000    0.9750    0.9250    1.0000    0.9750    0.9750    1.0000    1.0000    1.0000    1.0000
    0.4221    0.4279    0.4300    0.4264    0.4200    0.4293    0.4271    0.4243    0.4264    0.4300
    1.0000    1.0000    1.0000    1.0000    1.0000    1.0000    1.0000    1.0000    1.0000    1.0000
         0         0    0.0007         0         0         0         0         0         0         0
    0.9250    0.9250    0.9750    1.0000    0.9500    0.9750    0.9750    1.0000    0.8750    0.9500
    0.6386    0.6429    0.6464    0.6429    0.6450    0.6493    0.6471    0.6479    0.6400    0.6407