    0.5450    0.6425    0.4925    0.5100    0.6625    0.6075    0.6175    0.6475    0.5475    0.6275
         0         0         0         0         0         0         0         0         0         0
    0.5925    0.5600    0.5925    0.5975    0.5875    0.5600    0.6000    0.6150    0.5850    0.6025
    0.8063    0.8138    0.8138    0.8033    0.8093    0.8123    0.7973    0.8018    0.7943    0.7898
    0.6000    0.5950    0.5850    0.6250    0.6350    0.5750    0.6225    0.6300    0.5975    0.6150
    0.8724    0.8829    0.8724    0.8649    0.8769    0.8709    0.8634    0.8754    0.8574    0.8604
    0.6250    0.6225    0.6000    0.6750    0.6650    0.6400    0.6525    0.6450    0.6450    0.6500
    0.9429    0.9234    0.9279    0.9414    0.9234    0.9459    0.9174    0.9279    0.9144    0.9444
    0.5500    0.6375    0.5025    0.5200    0.6700    0.6025    0.6150    0.6500    0.5550    0.6200
    0.5901    0.5075    0.5871    0.5991    0.4399    0.4910    0.5030    0.4324    0.5781    0.4550
    0.5650    0.6475    0.5075    0.5275    0.6675    0.6100    0.6175    0.6500    0.5600    0.6275
    0.4655    0.3498    0.4535    0.4790    0.3739    0.3679    0.3919    0.3604    0.4505    0.3483
    0.5600    0.6450    0.4950    0.5250    0.6600    0.6100    0.6300    0.6450    0.5525    0.6250
    0.9459    0.9354    0.9354    0.9444    0.9429    0.9414    0.9354    0.9339    0.9354    0.9264