    0.7600    0.8200    0.6800    0.8200    0.8200    0.8000    0.8800    0.7600    0.7800    0.8400
         0         0         0         0         0         0         0         0         0         0
    0.7200    0.8000    0.7200    0.8400    0.8400    0.8200    0.8800    0.7800    0.8200    0.8000
    0.4360    0.4320    0.4240    0.4160    0.4240    0.4160    0.4220    0.4320    0.4420    0.4260
    0.8200    0.9600    0.7400    0.9000    0.8600    0.9000    0.9000    0.9000    0.8600    0.9000
    0.7340    0.7040    0.7080    0.6800    0.7140    0.7020    0.7080    0.7160    0.7200    0.7180
    0.8400    0.9000    0.7400    0.9400    0.9400    0.8600    0.9600    0.8400    0.8400    0.8600
    0.8880    0.8840    0.8840    0.8640    0.8860    0.8720    0.9480    0.9420    0.9020    0.8840
    0.7600    0.8600    0.7400    0.8400    0.8400    0.7400    0.8200    0.7200    0.8200    0.8000
    0.8640    0.8720    0.8660    0.8460    0.8780    0.8600    0.8500    0.8580    0.8580    0.8280
    0.7400    0.8800    0.7200    0.9000    0.9000    0.8000    0.9000    0.7600    0.8200    0.8000
    0.1960    0.2060    0.1820    0.2000    0.2040    0.1960    0.1980    0.1960    0.1880    0.2020
    0.7400    0.8800    0.7400    0.8800    0.8800    0.8600    0.9200    0.7800    0.8200    0.7800
    0.7800    0.7860    0.7760    0.7800    0.7840    0.7640    0.7640    0.7680    0.7900    0.7800