    0.7367    0.7300    0.7100    0.7300    0.6733    0.6900    0.7200    0.7333    0.7067    0.7633
         0         0         0         0         0         0         0         0         0         0
    0.7167    0.7133    0.6900    0.7100    0.6667    0.6633    0.7233    0.7333    0.6900    0.7400
    0.2643    0.2543    0.2514    0.2686    0.2771    0.2529    0.2500    0.2414    0.2571    0.2686
    0.7300    0.7367    0.7333    0.7433    0.7067    0.6900    0.7533    0.7433    0.7100    0.7833
    0.5829    0.5443    0.5586    0.5700    0.5700    0.5486    0.5486    0.5743    0.5629    0.5743
    0.7533    0.7600    0.7533    0.7233    0.7033    0.6800    0.7533    0.7267    0.7200    0.7567
    0.7600    0.7700    0.7457    0.7600    0.7543    0.7471    0.7514    0.7671    0.7400    0.7557
    0.6900    0.6200    0.6900    0.7300    0.6933    0.6733    0.6600    0.7600    0.6933    0.7233
    0.8171    0.8386    0.8371    0.8200    0.8057    0.8200    0.8329    0.8357    0.8314    0.8157
    0.7467    0.7400    0.7100    0.7433    0.7067    0.6967    0.7333    0.7300    0.7133    0.7667
    0.3143    0.2929    0.3129    0.3143    0.2743    0.2914    0.3086    0.3071    0.2871    0.3200
    0.7367    0.6967    0.7100    0.7100    0.7067    0.6800    0.7067    0.7467    0.7167    0.7667
    0.7386    0.7257    0.7529    0.7529    0.7300    0.7357    0.7457    0.7571    0.7457    0.7514