    0.9713    0.9614    0.9634    0.9693    0.9713    0.9614    0.9663    0.9644    0.9624    0.9713
         0         0         0         0         0         0         0         0         0         0
    0.9624    0.9554    0.9614    0.9673    0.9673    0.9574    0.9663    0.9604    0.9594    0.9624
    0.2338    0.2323    0.2315    0.2377    0.2331    0.2423    0.2323    0.2454    0.2415    0.2338
    0.9416    0.9475    0.9554    0.9515    0.9584    0.9495    0.9475    0.9426    0.9465    0.9416
    0.4000    0.4062    0.4108    0.4108    0.4131    0.4185    0.4038    0.4200    0.4146    0.4000
    0.9366    0.9238    0.9317    0.9238    0.9307    0.9406    0.9426    0.9307    0.9099    0.9366
    0.5654    0.5600    0.5862    0.5677    0.5808    0.5869    0.5738    0.5846    0.5754    0.5654
    0.9376    0.9376    0.9436    0.9525    0.9584    0.9109    0.9386    0.9416    0.9297    0.9376
    0.7923    0.7992    0.8146    0.8062    0.8008    0.7862    0.8108    0.7885    0.8131    0.7923
    0.9634    0.9574    0.9604    0.9525    0.9693    0.9505    0.9535    0.9525    0.9604    0.9634
    0.0331    0.0254    0.0362    0.0362    0.0377    0.0354    0.0300    0.0331    0.0323    0.0331
    0.9495    0.9505    0.9515    0.9564    0.9663    0.9545    0.9485    0.9455    0.9495    0.9495
    0.6515    0.6400    0.6462    0.6554    0.6546    0.6531    0.6408    0.6546    0.6508    0.6515