    0.6643    0.6771    0.6507    0.6553    0.6396    0.6411    0.6283    0.6459    0.6539    0.6623
         0         0         0         0         0         0         0         0         0         0
    0.6487    0.6637    0.6304    0.6440    0.6230    0.6259    0.6136    0.6403    0.6380    0.6434
    0.3250    0.3350    0.3200    0.3425    0.3300    0.3800    0.3025    0.3050    0.3600    0.3325
    0.6884    0.7089    0.6627    0.6757    0.6537    0.6624    0.6379    0.6657    0.6553    0.6860
    0.6325    0.6275    0.6425    0.6325    0.6425    0.6350    0.6475    0.6275    0.6575    0.6425
    0.6794    0.6913    0.6509    0.6644    0.6471    0.6426    0.6126    0.6644    0.6450    0.6824
    0.8175    0.8275    0.8125    0.8125    0.8250    0.8375    0.8525    0.8225    0.8400    0.8350
    0.6259    0.6889    0.6666    0.6221    0.6444    0.5354    0.6231    0.6024    0.6537    0.7171
    0.8500    0.9250    0.8850    0.8675    0.8875    0.6325    0.8950    0.8700    0.8775    0.9325
    0.5579    0.5686    0.5511    0.5507    0.5467    0.5284    0.5421    0.5424    0.5511    0.5566
    0.3725    0.3875    0.3425    0.3500    0.3500    0.3325    0.3650    0.3775    0.3425    0.3575
    0.5620    0.5677    0.5433    0.5561    0.5323    0.5263    0.5419    0.5403    0.5497    0.5624
    0.8050    0.8175    0.8025    0.7875    0.8050    0.8025    0.8125    0.8350    0.7925    0.8075