    0.9264    0.9913    0.9784    0.9524    0.9004    0.9481    0.9351    0.9784    0.9870    0.8961
         0         0         0         0         0         0         0         0         0         0
    0.9264    0.9913    0.9784    0.9437    0.9048    0.9437    0.9351    0.9784    0.9870    0.9004
    0.1780    0.1698    0.1741    0.1717    0.1794    0.1765    0.1780    0.1828    0.1770    0.1823
    0.9004    0.9784    0.9221    0.9307    0.9091    0.9004    0.9004    0.9524    0.9870    0.8442
    0.3285    0.3208    0.3252    0.3213    0.3256    0.3256    0.3208    0.3309    0.3242    0.3252
    0.8485    0.9740    0.9134    0.9134    0.8658    0.8485    0.8442    0.9221    0.9784    0.7792
    0.4863    0.4791    0.4738    0.4786    0.4844    0.4887    0.4728    0.4983    0.4848    0.4786
    0.8528    0.9524    0.9394    0.9048    0.8961    0.8658    0.9048    0.9221    0.9697    0.8615
    0.8009    0.7696    0.7826    0.7749    0.7855    0.7937    0.7869    0.7980    0.7749    0.7975
    0.8918    0.9784    0.9481    0.9307    0.9048    0.9221    0.9221    0.9481    0.9784    0.8874
    0.0322    0.0375    0.0356    0.0366    0.0308    0.0327    0.0327    0.0399    0.0385    0.0337
    0.8701    0.9654    0.9307    0.9264    0.8961    0.8961    0.9091    0.9524    0.9784    0.8701
    0.6474    0.6344    0.6412    0.6441    0.6426    0.6484    0.6368    0.6561    0.6402    0.6417