    0.9733    0.9467    0.9733    0.9467    0.9333    0.9467    0.9867    0.9733    0.8933    0.9867
         0         0         0         0         0         0         0         0         0         0
    0.9467    0.9200    0.9733    0.9333    0.9067    0.9467    0.9867    0.9467    0.8933    0.9733
    0.2429    0.2929    0.2929    0.2429    0.2286    0.2429    0.2286    0.2000    0.2786    0.2929
    0.9467    0.8800    0.9467    0.9600    0.9333    0.8800    0.9867    0.9600    0.8800    0.9733
    0.3643    0.4071    0.4286    0.3714    0.3714    0.3857    0.3857    0.3429    0.4071    0.4571
    0.9067    0.8800    0.9200    0.9200    0.9467    0.9067    0.9867    0.9467    0.8800    0.9733
    0.5071    0.7786    0.6643    0.5000    0.8786    0.7857    0.5857    0.5071    0.5357    0.6000
    0.9467    0.9200    0.9333    0.8533    0.8933    0.9200    0.9467    0.8267    0.9200    0.8667
    0.8357    0.8071    0.8929    0.8929    0.8071    0.8214    0.8357    0.8786    0.8500    0.9000
    0.9333    0.9200    0.9467    0.9467    0.9067    0.9200    0.9867    0.9733    0.8800    0.9867
    0.0643    0.0357    0.0357    0.0214    0.0357    0.0357    0.0357    0.0357    0.0143    0.0500
    0.9600    0.9067    0.9333    0.9333    0.8933    0.8533    0.9733    0.9200    0.9067    0.9467
    0.6714    0.6857    0.6786    0.6357    0.6500    0.6500    0.6500    0.6571    0.6643    0.6714