    0.9259    0.9337    0.9400    0.9420    0.9300    0.9347    0.9353    0.9367    0.9323    0.9244
         0         0         0         0         0         0         0         0         0         0
    0.9206    0.9270    0.9334    0.9384    0.9246    0.9279    0.9306    0.9316    0.9274    0.9161
    0.4025    0.4225    0.3800    0.3800    0.4100    0.4100    0.4150    0.4275    0.3975    0.3850
    0.9537    0.9471    0.9507    0.9601    0.9569    0.9551    0.9579    0.9576    0.9607    0.9534
    0.5825    0.6350    0.6000    0.6250    0.6225    0.6075    0.6075    0.6100    0.6275    0.5650
    0.9581    0.9564    0.9623    0.9636    0.9590    0.9581    0.9516    0.9587    0.9616    0.9584
    0.7825    0.9500    0.9175    0.8150    0.8900    0.7925    0.9175    0.8700    0.8175    0.8525
    0.8699    0.8674    0.8850    0.8953    0.8827    0.8913    0.8879    0.8973    0.8959    0.8971
    0.9425    0.9275    0.9275    0.9325    0.9050    0.8700    0.8850    0.9200    0.8975    0.9350
    0.9414    0.9379    0.9417    0.9463    0.9301    0.9443    0.9423    0.9474    0.9386    0.9414
    0.0825    0.0775    0.0625    0.0475    0.0550    0.0450    0.0500    0.0725    0.0700    0.0650
    0.9453    0.9317    0.9349    0.9480    0.9209    0.9404    0.9449    0.9474    0.9490    0.9417
    0.7450    0.7300    0.7125    0.7375    0.7200    0.7325    0.7350    0.7500    0.7125    0.7325