    0.8465    0.8407    0.8441    0.8424    0.8396    0.8476    0.8435    0.8543    0.8341    0.8465
         0         0         0         0         0         0         0         0         0         0
    0.8400    0.8378    0.8374    0.8357    0.8346    0.8372    0.8335    0.8496    0.8298    0.8361
    0.3575    0.3750    0.3300    0.3725    0.3750    0.3675    0.3650    0.3550    0.3575    0.3800
    0.8537    0.8622    0.8520    0.8626    0.8583    0.8578    0.8667    0.8680    0.8533    0.8633
    0.5825    0.6025    0.5475    0.5900    0.5825    0.5775    0.5650    0.5775    0.5775    0.5675
    0.8454    0.8330    0.8515    0.8635    0.8485    0.8583    0.8409    0.8550    0.8472    0.8533
    0.7600    0.7975    0.7450    0.7475    0.7500    0.7275    0.7525    0.7325    0.8250    0.7125
    0.8257    0.8217    0.8202    0.8400    0.7911    0.8243    0.8293    0.8276    0.8007    0.8204
    0.8875    0.8900    0.8975    0.8475    0.8500    0.8675    0.8650    0.8575    0.8575    0.8875
    0.8502    0.8524    0.8578    0.8517    0.8604    0.8611    0.8574    0.8552    0.8422    0.8491
    0.1325    0.2000    0.1400    0.1525    0.1725    0.1475    0.1350    0.1250    0.1650    0.1450
    0.8533    0.8396    0.8563    0.8530    0.8502    0.8537    0.8541    0.8480    0.8387    0.8380
    0.7250    0.7650    0.7350    0.7325    0.7400    0.7300    0.7250    0.6975    0.7200    0.7425