0.9107 0.8750 0.9464 0.9464 0.9643 0.9286 0.8036 0.9286 0.8571 0.9286
0 0 0 0 0 0 0 0 0 0
0.9107 0.8571 0.9464 0.9286 0.9464 0.9286 0.8036 0.9464 0.8571 0.9107
0.2846 0.2788 0.2827 0.2788 0.2729 0.2788 0.2690 0.2827 0.2729 0.2904
0.9107 0.8571 0.9821 0.9821 0.9821 0.9286 0.7679 0.9464 0.8929 0.9464
0.3665 0.3606 0.3821 0.3723 0.3704 0.3684 0.3528 0.3704 0.3665 0.3762
0.9286 0.8750 0.9821 0.9643 1.0000 0.9286 0.7679 0.9464 0.9107 0.9643
0.4776 0.4795 0.4990 0.4893 0.4834 0.4990 0.4834 0.4990 0.4854 0.4834
0.9286 0.8750 0.9643 0.7500 0.9821 0.9286 0.7143 0.9464 0.7857 0.9464
0.9376 0.9181 0.9162 0.9259 0.9181 0.9259 0.9532 0.9493 0.9337 0.9201
0.9286 0.8929 0.9821 0.9464 0.9821 0.9286 0.7857 0.9464 0.8571 0.9286
0.0838 0.0702 0.0858 0.0955 0.0897 0.0760 0.0799 0.0858 0.0799 0.0877
0.9286 0.8393 0.9821 0.9464 0.9643 0.9107 0.7857 0.9464 0.9107 0.9464
0.6745 0.6686 0.6725 0.6686 0.6764 0.6784 0.6901 0.6764 0.6842 0.6745
