0.7403 0.6364 0.7143 0.7403 0.6494 0.6104 0.6623 0.6364 0.7143 0.6623
0 0 0 0 0 0 0 0 0 0
0.7273 0.6494 0.6753 0.7662 0.6234 0.5844 0.6494 0.6234 0.7143 0.6364
0.2000 0.1950 0.2050 0.2100 0.1950 0.1850 0.2000 0.1900 0.2100 0.2050
0.6234 0.5974 0.6494 0.8052 0.6104 0.7143 0.6623 0.6104 0.6623 0.6104
0.4850 0.4500 0.4750 0.5200 0.4850 0.4900 0.4700 0.4750 0.5200 0.4950
0.6883 0.6364 0.7273 0.7792 0.6234 0.6494 0.7403 0.6753 0.7273 0.6753
0.6900 0.6350 0.6550 0.7050 0.6400 0.7000 0.6450 0.6450 0.6600 0.8700
0.6753 0.5325 0.6753 0.7792 0.6494 0.6753 0.6753 0.6364 0.6753 0.6104
0.8050 0.7950 0.7900 0.8200 0.8600 0.7650 0.8150 0.6850 0.7900 0.7500
0.6883 0.5714 0.6883 0.7792 0.6883 0.6883 0.7013 0.6364 0.6753 0.6104
0.3400 0.3200 0.3150 0.3550 0.3050 0.3250 0.3050 0.3050 0.3250 0.3300
0.6883 0.5714 0.7013 0.7792 0.6494 0.7143 0.7013 0.5455 0.7403 0.6234
0.7150 0.7550 0.7300 0.7500 0.7600 0.7500 0.7050 0.7200 0.7250 0.7450
