0.6812 0.6957 0.6087 0.7391 0.6522 0.5797 0.5362 0.6812 0.6232 0.7246
0 0 0 0 0 0 0 0 0 0
0.6522 0.6667 0.5797 0.6957 0.6522 0.5652 0.5217 0.6667 0.5652 0.7246
0.1848 0.1739 0.1703 0.1775 0.1812 0.1812 0.1920 0.1739 0.1920 0.1630
0.6957 0.6522 0.6522 0.6957 0.6667 0.6522 0.7101 0.6667 0.6667 0.7681
0.5507 0.5688 0.5362 0.5471 0.5688 0.5652 0.5688 0.5471 0.5471 0.5507
0.6377 0.7826 0.6377 0.7101 0.6812 0.6377 0.6812 0.6957 0.6522 0.7246
0.7681 0.7899 0.7717 0.7464 0.7681 0.7826 0.7645 0.7500 0.7790 0.7754
0.6087 0.6377 0.6232 0.6667 0.7246 0.5942 0.5652 0.6232 0.6087 0.6812
0.7609 0.7464 0.7609 0.7681 0.7500 0.7464 0.7464 0.7754 0.7681 0.7319
0.5942 0.6232 0.6377 0.7536 0.7101 0.5797 0.6087 0.6667 0.6522 0.7391
0.3696 0.3877 0.3913 0.4239 0.4167 0.3659 0.3732 0.4457 0.3696 0.4203
0.5942 0.6812 0.6087 0.7101 0.6812 0.5797 0.5942 0.6522 0.6522 0.7391
0.7355 0.7536 0.7609 0.7681 0.7609 0.7138 0.7355 0.7717 0.7283 0.7609
