0.7233 0.6933 0.6767 0.7033 0.6800 0.7133 0.6967 0.7133 0.6967 0.7200
0 0 0 0 0 0 0 0 0 0
0.7133 0.6667 0.6633 0.6967 0.6667 0.6900 0.6767 0.7000 0.6900 0.7000
0.2137 0.2051 0.1987 0.2222 0.2030 0.2030 0.2158 0.2393 0.2329 0.2329
0.7367 0.7400 0.7167 0.7533 0.7233 0.7067 0.7067 0.7400 0.7500 0.6933
0.5385 0.5214 0.5214 0.5406 0.5043 0.5214 0.5107 0.5342 0.5406 0.5449
0.7467 0.7800 0.7400 0.7367 0.7467 0.7400 0.7533 0.7267 0.7333 0.7200
0.7244 0.7970 0.7009 0.7222 0.6902 0.6923 0.6902 0.7244 0.7073 0.7329
0.7000 0.7200 0.6767 0.7400 0.6900 0.6867 0.7033 0.6833 0.7167 0.6733
0.8291 0.8632 0.8312 0.8761 0.8141 0.8333 0.8248 0.8141 0.8462 0.8397
0.7333 0.7500 0.7033 0.7200 0.7200 0.7400 0.7267 0.7167 0.7467 0.7167
0.3034 0.3141 0.2970 0.3226 0.2991 0.3034 0.3291 0.3269 0.3013 0.3291
0.7367 0.7633 0.7433 0.7533 0.7267 0.7200 0.7267 0.7167 0.7467 0.7167
0.7350 0.7393 0.7308 0.7500 0.7329 0.7308 0.7479 0.7308 0.7521 0.7564
