0.8485 0.7576 0.8788 0.8182 0.8485 0.7879 0.8485 0.8182 0.7576 0.6667
0 0 0 0 0 0 0 0 0 0
0.8485 0.7576 0.8788 0.8182 0.8485 0.7576 0.7879 0.7879 0.7576 0.6667
0.1947 0.1848 0.1947 0.2046 0.2112 0.1914 0.2178 0.2178 0.2079 0.2079
0.8788 0.8182 0.8182 0.8485 0.8485 0.8182 0.7576 0.8182 0.8485 0.7273
0.3267 0.3168 0.3201 0.3234 0.3399 0.3234 0.3366 0.3432 0.3333 0.3399
0.8788 0.7879 0.8485 0.9394 0.8485 0.8788 0.7879 0.7576 0.8182 0.6970
0.5083 0.4983 0.4917 0.5908 0.5149 0.5083 0.4818 0.5116 0.5215 0.5281
0.8788 0.8485 0.8182 0.7879 0.8485 0.8788 0.8485 0.7576 0.7879 0.6970
0.8548 0.8581 0.8482 0.8482 0.8416 0.8350 0.8218 0.8614 0.8284 0.8515
0.8788 0.8788 0.8485 0.8485 0.8788 0.9091 0.8788 0.8182 0.8485 0.7273
0.1914 0.1815 0.1914 0.1947 0.1914 0.1914 0.1980 0.2046 0.1749 0.1617
0.8788 0.9394 0.8182 0.8788 0.9091 0.8485 0.8485 0.7879 0.8485 0.7879
0.7096 0.6931 0.7063 0.7261 0.7096 0.7228 0.7129 0.7096 0.7030 0.7063
