0.7800 0.7200 0.7400 0.7400 0.7600 0.7800 0.7000 0.7800 0.8400 0.6800
0 0 0 0 0 0 0 0 0 0
0.8000 0.6800 0.7400 0.7600 0.7800 0.7800 0.7000 0.7200 0.8200 0.6800
0.2700 0.2560 0.2600 0.2420 0.2720 0.2540 0.2600 0.2600 0.2620 0.2680
0.7400 0.7200 0.8000 0.7800 0.7800 0.8400 0.7400 0.6800 0.7200 0.7800
0.6380 0.6280 0.6440 0.6320 0.6380 0.6300 0.6200 0.6240 0.6500 0.6440
0.7600 0.7600 0.9200 0.8400 0.7600 0.8200 0.8200 0.8000 0.7200 0.7000
0.8280 0.8220 0.8280 0.8220 0.9040 0.8300 0.8120 0.8260 0.8420 0.8220
0.7800 0.7600 0.7000 0.6800 0.6800 0.7200 0.7400 0.8000 0.6400 0.7600
0.8140 0.8100 0.8300 0.8500 0.8240 0.8340 0.8140 0.8180 0.8280 0.7980
0.7600 0.7400 0.7600 0.6800 0.7000 0.8000 0.7200 0.7600 0.7400 0.7400
0.2320 0.2320 0.2400 0.2180 0.2260 0.2260 0.2120 0.2460 0.2360 0.2120
0.7200 0.6800 0.7400 0.7400 0.7600 0.8200 0.8000 0.7200 0.7600 0.7600
0.7160 0.7240 0.7220 0.7200 0.6980 0.7020 0.7060 0.7200 0.7200 0.7100
