0.7900 0.7400 0.6800 0.8700 0.7400 0.7700 0.8300 0.7500 0.7400 0.8200
0 0 0 0 0 0 0 0 0 0
0.7800 0.7300 0.6700 0.8500 0.7400 0.7700 0.8400 0.7300 0.7400 0.8200
0.2588 0.2529 0.2706 0.2235 0.2588 0.1882 0.2529 0.2294 0.2235 0.2059
0.8100 0.7800 0.7300 0.8700 0.8500 0.8500 0.8200 0.7700 0.8000 0.8400
0.5353 0.5000 0.5176 0.5647 0.5235 0.5118 0.5412 0.5118 0.5235 0.5000
0.7800 0.7500 0.7500 0.8500 0.8600 0.8200 0.7900 0.8200 0.8200 0.8200
0.7235 0.6941 0.8176 0.9235 0.7118 0.8235 0.7118 0.6882 0.8118 0.8235
0.7300 0.7400 0.6500 0.8400 0.7600 0.7700 0.7800 0.7300 0.7600 0.8200
0.7941 0.8294 0.8059 0.7824 0.8118 0.8647 0.8353 0.7529 0.7765 0.8000
0.7700 0.7700 0.7100 0.8400 0.8000 0.8200 0.7900 0.7700 0.7300 0.8400
0.1941 0.2118 0.1882 0.3000 0.2353 0.2882 0.2471 0.2059 0.2235 0.2059
0.7900 0.7600 0.7500 0.8400 0.8300 0.8300 0.8000 0.7800 0.7600 0.8200
0.7176 0.6941 0.7235 0.7588 0.6824 0.7529 0.7235 0.7000 0.7235 0.7294
