0.9333 0.9667 0.9000 1.0000 0.9667 1.0000 0.9667 0.9667 0.9667 1.0000
0 0 0 0 0 0 0 0 0 0
0.9333 0.9667 0.8667 0.9667 0.9333 1.0000 0.9000 0.9667 0.9333 1.0000
0.2250 0.2583 0.2750 0.2583 0.2917 0.2083 0.2750 0.2333 0.2583 0.2333
0.9333 0.9667 0.9000 1.0000 0.9333 1.0000 0.9000 0.9333 0.9667 1.0000
0.3583 0.4000 0.4083 0.3750 0.4167 0.3417 0.4083 0.4083 0.3917 0.4000
0.9667 1.0000 0.9000 1.0000 0.9000 1.0000 0.9667 0.9000 0.9667 1.0000
0.7500 0.6417 0.7000 0.6583 0.5917 0.6833 0.7667 0.5583 0.7417 0.7167
0.9000 1.0000 0.9000 1.0000 0.9333 1.0000 0.9333 0.9333 0.9333 1.0000
0.7833 0.7000 0.7083 0.7167 0.6833 0.6083 0.7083 0.7500 0.5583 0.6083
0.9667 1.0000 0.9000 1.0000 0.9333 1.0000 1.0000 0.9667 0.9667 1.0000
0.0417 0.0417 0.0167 0.0583 0.0333 0.0750 0.0417 0.0333 0.0417 0.0667
0.9667 1.0000 0.9000 1.0000 0.9333 1.0000 0.9333 0.9667 0.9667 1.0000
0.6917 0.6667 0.6417 0.6583 0.6667 0.6833 0.6750 0.6167 0.7000 0.6750