0.6601 0.6275 0.6536 0.6667 0.6863 0.7124 0.6797 0.6732 0.6536 0.6601
0 0 0 0 0 0 0 0 0 0
0.6667 0.6144 0.6601 0.6405 0.6732 0.6993 0.6601 0.6471 0.6340 0.6471
0.2211 0.2000 0.2033 0.2114 0.2195 0.2211 0.2358 0.2195 0.1984 0.2195
0.7059 0.7516 0.7124 0.7190 0.7712 0.7320 0.7582 0.7059 0.6863 0.6340
0.5106 0.4894 0.5008 0.4976 0.5317 0.5220 0.5350 0.5024 0.5008 0.5089
0.6863 0.6863 0.7582 0.7320 0.7582 0.6993 0.7451 0.7059 0.7255 0.6340
0.6683 0.6699 0.6683 0.6797 0.7073 0.6992 0.6894 0.6764 0.6862 0.6878
0.6601 0.7059 0.6928 0.7124 0.6928 0.6797 0.6667 0.6993 0.6797 0.6667
0.7935 0.7610 0.7886 0.8130 0.7951 0.8016 0.8049 0.8049 0.7854 0.8114
0.6863 0.6993 0.7059 0.7451 0.7190 0.7190 0.6797 0.6928 0.6732 0.6536
0.3106 0.3138 0.3073 0.3415 0.3333 0.3333 0.3024 0.3106 0.3301 0.3171
0.7190 0.7124 0.7255 0.7451 0.7516 0.7320 0.7451 0.7190 0.6732 0.6667
0.7480 0.7154 0.7171 0.7593 0.7512 0.7398 0.7171 0.7398 0.7350 0.7366
