0.7085 0.6975 0.7113 0.7039 0.7320 0.7209 0.6841 0.6975 0.7301 0.6828
0 0 0 0 0 0 0 0 0 0
0.7011 0.6998 0.7039 0.6993 0.7237 0.7122 0.6749 0.6938 0.7246 0.6846
0.4270 0.4510 0.4600 0.4800 0.4450 0.4580 0.4650 0.4580 0.4690 0.4300
0.7103 0.7177 0.7375 0.7287 0.7232 0.7205 0.6832 0.7338 0.7439 0.7113
0.7120 0.7010 0.7050 0.7250 0.7250 0.7300 0.7040 0.7170 0.7360 0.7100
0.7094 0.6841 0.7310 0.7025 0.6975 0.7200 0.6887 0.7177 0.7402 0.7159
0.8640 0.8610 0.8670 0.8530 0.8750 0.8640 0.8660 0.8740 0.8630 0.8700
0.6483 0.6418 0.6487 0.6276 0.6800 0.6860 0.6501 0.6703 0.6708 0.6694
0.8430 0.8790 0.8480 0.8780 0.8390 0.8360 0.8400 0.8580 0.8580 0.8550
0.6510 0.6740 0.6814 0.6685 0.7039 0.6860 0.6749 0.6901 0.6938 0.6653
0.3040 0.2670 0.2790 0.2770 0.2710 0.2790 0.2810 0.2680 0.2570 0.3140
0.6349 0.6713 0.6731 0.6579 0.7108 0.6768 0.6644 0.6708 0.6910 0.6492
0.7750 0.7890 0.7800 0.7960 0.7850 0.7870 0.7830 0.7830 0.7980 0.7900
