0.9000 0.9400 0.9400 0.9400 0.8800 0.9000 0.9000 0.9800 0.9600 0.9400
0 0 0 0 0 0 0 0 0 0
0.9200 0.9400 0.9200 0.9200 0.8400 0.8800 0.8200 0.9800 0.9400 0.9200
0.1656 0.1682 0.1667 0.1640 0.1725 0.1693 0.1704 0.1693 0.1593 0.1656
0.9600 0.8800 0.9200 0.9000 0.8600 0.8600 0.7800 0.9800 0.9000 0.9000
0.5364 0.5417 0.5438 0.5411 0.5491 0.5406 0.5438 0.5359 0.5390 0.5427
0.9200 0.8800 0.7800 0.9000 0.8200 0.8200 0.8200 0.9400 0.9400 0.9000
0.7722 0.7806 0.7780 0.7843 0.7827 0.7827 0.7816 0.7753 0.7822 0.7780
0.8800 0.9000 0.8200 0.9200 0.8600 0.8800 0.8000 0.9800 0.9000 0.8800
0.6893 0.6904 0.6925 0.6756 0.6878 0.6793 0.6899 0.6915 0.6830 0.6983
0.9000 0.9000 0.9400 0.9200 0.9000 0.8800 0.8600 0.9600 0.9600 0.9400
0.0791 0.0786 0.0759 0.0791 0.0738 0.0786 0.0759 0.0781 0.0786 0.0781
0.8800 0.8600 0.9000 0.9000 0.8800 0.8200 0.8400 0.9800 0.9000 0.8800
0.6688 0.6709 0.6693 0.6688 0.6672 0.6688 0.6677 0.6640 0.6698 0.6725
