0.7533 0.4237 0.5646 0.5661 0.7869 0.7084 0.7806 0.7153 0.7572 0.7504
0 0 0 0 0 0 0 0 0 0
0.7825 0.7167 0.7830 0.6938 0.7494 0.7523 0.7835 0.7435 0.7235 0.6889
0.8000 0.8133 0.8267 0.8000 0.7933 0.7600 0.8067 0.7867 0.7933 0.7733
0.7704 0.7684 0.7830 0.7406 0.7796 0.7504 0.7728 0.7435 0.7762 0.7518
0.8533 0.8533 0.8733 0.8600 0.8400 0.8267 0.8533 0.8467 0.8400 0.8467
0.7411 0.7684 0.7757 0.7738 0.7796 0.7747 0.7728 0.7728 0.7392 0.7713
0.8800 0.8800 0.9400 0.9267 0.9133 0.9000 0.8867 0.9200 0.8667 0.9200
0.7470 0.4135 0.5563 0.5656 0.7796 0.7153 0.7728 0.7075 0.7392 0.7582
0.8267 0.6333 0.5600 0.6667 0.3533 0.8000 0.7267 0.2467 0.7200 0.8467
0.7411 0.4135 0.5495 0.5588 0.7796 0.7153 0.7728 0.7075 0.7392 0.7504
0.2200 0.5933 0.4200 0.4600 0.1933 0.3200 0.2667 0.2467 0.2133 0.2933
0.7411 0.4135 0.5563 0.5588 0.7796 0.7479 0.7728 0.7075 0.7392 0.7582
0.9467 0.9533 0.9533 0.9400 0.9267 0.9467 0.9400 0.9400 0.9333 0.9400
