0.9200 0.9600 0.9400 0.9400 0.9600 0.9200 0.9800 0.9400 0.9600 0.9400
0 0 0 0 0 0 0 0 0 0
0.9200 0.9600 0.9400 0.9400 0.9600 0.9200 0.9800 0.9400 0.9600 0.9400
0.1211 0.1247 0.1242 0.1257 0.1303 0.1277 0.1211 0.1267 0.1226 0.1267
0.9000 0.9000 0.8800 0.9600 0.9400 0.9800 0.9400 0.9600 0.9600 0.9200
0.3551 0.3597 0.3633 0.3618 0.3664 0.3648 0.3556 0.3613 0.3556 0.3613
0.8400 0.9200 0.9000 0.9400 0.9200 0.9200 0.9000 0.9000 0.9600 0.9000
0.5606 0.5590 0.5718 0.5692 0.5672 0.5646 0.5570 0.5631 0.5590 0.5672
0.8600 0.8000 0.8200 0.8600 0.9400 0.8400 0.8400 0.9200 0.9000 0.8400
0.8743 0.8815 0.8784 0.8789 0.8784 0.8855 0.8774 0.8825 0.8763 0.8738
0.9000 0.9400 0.9200 0.9400 0.9600 0.9400 0.9600 0.9400 0.9600 0.9400
0.0465 0.0475 0.0470 0.0455 0.0480 0.0470 0.0480 0.0470 0.0480 0.0475
0.8800 0.9000 0.8800 0.9800 0.9200 0.9200 0.9200 0.9200 0.9400 0.8800
0.6776 0.6735 0.6714 0.6689 0.6765 0.6704 0.6714 0.6709 0.6750 0.6704
