0.9343 0.9416 0.9635 0.9635 0.9489 0.9562 0.9708 0.9489 0.9781 0.9562
0 0 0 0 0 0 0 0 0 0
0.9343 0.9416 0.9416 0.9635 0.9489 0.9562 0.9708 0.9489 0.9635 0.9343
0.5165 0.5147 0.5165 0.5037 0.5018 0.4945 0.5037 0.5183 0.5128 0.5128
0.9416 0.9635 0.9708 0.9708 0.9708 0.9781 0.9927 0.9416 0.9927 0.9562
0.5568 0.5513 0.5568 0.5458 0.5476 0.5403 0.5513 0.5513 0.5586 0.5513
0.9416 0.9635 0.9635 0.9708 0.9562 0.9635 0.9927 0.9416 1.0000 0.9781
0.6484 0.6886 0.6520 0.7326 0.6484 0.7161 0.6484 0.6447 0.6593 0.6777
0.9489 0.9489 0.9708 0.9562 0.9197 0.9489 0.9562 0.9343 0.9854 0.9270
0.9377 0.9579 0.9158 0.8956 0.9176 0.9744 0.9542 0.9304 0.9377 0.9231
0.9489 0.9489 0.9635 0.9635 0.9635 0.9562 0.9781 0.9343 0.9781 0.9489
0.0311 0.0403 0.0476 0.0385 0.0311 0.0403 0.0476 0.0348 0.0513 0.0458
0.9489 0.9635 0.9781 0.9635 0.9781 0.9781 0.9854 0.9489 0.9781 0.9635
0.7436 0.7381 0.7491 0.7399 0.7399 0.7381 0.7454 0.7509 0.7582 0.7564
